([[116, 35], [505, 35], [505, 88], [116, 88]], '新测试群! 注意免打扰!', 0.6708822703907424)
([[525, 39], [582, 39], [582, 84], [525, 84]], '(2)', 0.9998866452368933)
([[1178, 38], [1213, 38], [1213, 58], [1178, 58]], 'It0', 0.6693827070053573)
([[1217, 32], [1367, 32], [1367, 63], [1217, 63]], 'send_wechat', 0.82886300895814)
([[1381, 29], [1477, 29], [1477, 67], [1381, 67]], 'mainpy', 0.6623232013421806)
([[1831, 28], [1859, 28], [1859, 56], [1831, 56]], 'X', 0.6003267741938458)
([[1889, 29], [2112, 29], [2112, 66], [1889, 66]], '1出所有窗口_百度 X', 0.15744401840640962)
([[2145, 30], [2181, 30], [2181, 66], [2145, 66]], 'g', 0.05883824480130162)
([[2205, 30], [2502, 30], [2502, 69], [2205, 69]], '[转载] win3zgui 窗口查找', 0.7552257892665226)
([[2509, 37], [2540, 37], [2540, 65], [2509, 65]], '义', 0.25790168514925327)
([[2622, 30], [2835, 30], [2835, 66], [2622, 66]], '动态网页_百度搜索', 0.6331782216701464)
([[2944, 40], [2969, 40], [2969, 65], [2944, 65]], 'X', 0.13066830579191446)
([[3054, 29], [3357, 29], [3357, 65], [3054, 65]], '创意即将到来产品发布H5模 ', 0.571017937544966)
([[3367, 37], [3398, 37], [3398, 65], [3367, 65]], '义', 0.24821897795233383)
([[3429, 30], [3468, 30], [3468, 69], [3429, 69]], '十', 0.9852903056043694)
([[1273, 91], [1340, 91], [1340, 122], [1273, 122]], 'MAIN', 0.9972163885896277)
([[1446, 87], [1485, 87], [1485, 123], [1446, 123]], '0', 0.3659930738973891)
([[1497, 87], [1680, 87], [1680, 126], [1497, 126]], "#  @'", 0.15149851060569972)
([[1744, 91], [1775, 91], [1775, 119], [1744, 119]], 'Q', 0.9530723113953741)
([[497, 122], [526, 122], [526, 139], [497, 139]], '小', 0.3863047228867664)
([[542, 122], [679, 122], [679, 139], [542, 139]], 'LLI', 0.0056310252361356635)
([[704, 122], [772, 122], [772, 139], [704, 139]], "'东'", 0.07251516249134958)
([[792, 123], [879, 123], [879, 132], [792, 132]], '( ((', 0.1234007973909127)
([[896, 119], [943, 119], [943, 133], [896, 133]], 'UVV', 0.0947219599858376)
([[1896, 102], [2205, 102], [2205, 141], [1896, 141]], 'comlitem/95O2/preview', 0.4042660590208437)
([[2624, 98], [2818, 98], [2818, 148], [2624, 148]], 'C  围  ~', 0.004681835701896384)
([[3145, 118], [3182, 118], [3182, 149], [3145, 149]], '新', 0.9995110632736584)
([[3213, 92], [3623, 92], [3623, 154], [3213, 154]], '8 |长  止 囹 @', 0.007931818220946674)
([[462, 138], [546, 138], [546, 174], [462, 174]], '4864)', 0.9999067567726447)
([[2103, 183], [2289, 183], [2289, 222], [2103, 222]], '?扫二维码预览', 0.07095815761993271)
([[441, 243], [645, 243], [645, 279], [441, 279]], '发送消息过于频繁,', 0.5525813254419496)
([[657, 243], [795, 243], [795, 279], [657, 279]], '可稍后再试。', 0.9795510226891497)
([[1861, 187], [1886, 187], [1886, 290], [1861, 290]], '', 0.0)
([[453, 321], [999, 321], [999, 364], [453, 364]], '([[657,345],[795,345], [795,381], [657,3', 0.5216540121445321)
([[1852, 331], [1886, 331], [1886, 362], [1852, 362]], '围', 0.10191990760646163)
([[450, 358], [684, 358], [684, 401], [450, 401]], "81]1,'可稍后再试。", 0.8776650802194254)
([[713, 357], [1011, 357], [1011, 399], [713, 399]], '0.9864942461352115)', 0.7806371971569103)
([[2070, 345], [2175, 345], [2175, 384], [2070, 384]], 'HOME', 0.9991005659103394)
([[2286, 345], [2403, 345], [2403, 381], [2286, 381]], 'ABOUT', 0.645975700078631)
([[2514, 345], [2610, 345], [2610, 381], [2514, 381]], 'TEAM', 0.9810710549354553)
([[2721, 345], [2907, 345], [2907, 384], [2721, 384]], 'PORTFOLIO', 0.9928021691371628)
([[1861, 364], [1886, 364], [1886, 452], [1861, 452]], '', 0.0)
([[3251, 410], [3431, 410], [3431, 449], [3251, 449]], 'SUBSCRIBE', 0.9383141874787473)
([[3507, 411], [3681, 411], [3681, 450], [3507, 450]], 'PURCHASE', 0.9984346220102565)
([[441, 465], [645, 465], [645, 501], [441, 501]], '发送消息过于频繁;', 0.6793383798692354)
([[657, 468], [795, 468], [795, 504], [657, 504]], '可稍后再试。', 0.9864942461352115)
([[2295, 477], [2451, 477], [2451, 516], [2295, 516]], 'CONTACT', 0.9976792416058743)
([[2562, 477], [2682, 477], [2682, 516], [2562, 516]], 'SOCIAL', 0.9931018403016985)
([[462, 549], [1014, 549], [1014, 588], [462, 588]], '([[2070,345],[2175,345],[2175,384], [20', 0.859306841692779)
([[465, 585], [1005, 585], [1005, 624], [465, 624]], "70,384]], 'HOME', 0.9990988969802856)", 0.7359321351598074)
([[1172, 611], [1816, 611], [1816, 659], [1172, 659]], 'lons | Curricvla Chooser ltmp.txt" ) _', 0.29138976886289547)
([[1829, 626], [1849, 626], [1849, 649], [1829, 649]], '几', 0.01879213126844892)
([[441, 690], [645, 690], [645, 726], [441, 726]], '发送消息过于频繁;', 0.7600803229861889)
([[657, 690], [795, 690], [795, 726], [657, 726]], '可稍后再试。', 0.9881698754357284)
([[457, 768], [1008, 768], [1008, 810], [457, 810]], '([[2286,345],[2403,345], [2403,381], [22', 0.5280652109262812)
([[1964, 677], [3271, 677], [3271, 841], [1964, 841]], 'notabout jdeas.', 0.28280883175488947)
([[459, 807], [711, 807], [711, 846], [459, 846]], "86,381]1, 'ABOUT'", 0.5544606932088785)
([[717, 807], [1011, 807], [1011, 846], [717, 846]], '0.6446868687416312)', 0.8056964004659057)
([[1913, 820], [3419, 820], [3419, 1051], [1913, 1051]], 'bout making ideas', 0.8199095464067898)
([[1193, 1062], [1408, 1062], [1408, 1101], [1193, 1101]], 'sending string', 0.7333705600797896)
([[1440, 1062], [1647, 1062], [1647, 1101], [1440, 1101]], '"([[453,162],', 0.9658277473902789)
([[1656, 1062], [1749, 1062], [1749, 1098], [1656, 1098]], '[1000,', 0.985345310109715)
([[1171, 1114], [1331, 1114], [1331, 1145], [1171, 1145]], '1298,1721],', 0.9491437826496306)
([[1369, 1114], [1664, 1114], [1664, 1145], [1369, 1145]], '0.7396610796256068)"', 0.9576091110215823)
([[2159, 1026], [2792, 1026], [2792, 1246], [2159, 1246]], 'happen', 0.9298701319303483)
([[1193, 1158], [1408, 1158], [1408, 1197], [1193, 1197]], 'sending string', 0.7333705600797896)
([[1455, 1158], [1647, 1158], [1647, 1197], [1455, 1197]], '([[451,198],', 0.9227978244797845)
([[1656, 1158], [1740, 1158], [1740, 1194], [1656, 1194]], '[1007', 0.9820077133406954)
([[1174, 1210], [1355, 1210], [1355, 1241], [1174, 1241]], '111588838251"', 0.8392060565405386)
([[1378, 1210], [1658, 1210], [1658, 1241], [1378, 1241]], '0.7762093746588651)', 0.9742922042701597)
([[999, 1227], [1098, 1227], [1098, 1263], [999, 1263]], '发送(5)', 0.8877516437758939)
([[1193, 1254], [1408, 1254], [1408, 1293], [1193, 1293]], 'sending string', 0.7333705600797896)
([[1440, 1254], [1575, 1254], [1575, 1293], [1440, 1293]], '"([[2103,', 0.7294838877819936)
([[1585, 1258], [1661, 1258], [1661, 1289], [1585, 1289]], '183],', 0.9615161685044777)
([[1671, 1254], [1755, 1254], [1755, 1290], [1671, 1290]], '[2289', 0.9999503663686474)
([[1895, 1259], [3133, 1259], [3133, 1312], [1895, 1312]], 'mipsum dolor;sit amet consectetur adipisicing elit Maxime adipisci', 0.5688333326331602)
([[289, 1306], [368, 1306], [368, 1337], [289, 1337]], '183],', 0.8771674602493824)
([[379, 1306], [467, 1306], [467, 1337], [379, 1337]], '[2289,', 0.9975737266883599)
([[477, 1305], [555, 1305], [555, 1341], [477, 1341]], '222],', 0.9028492986661708)
([[564, 1302], [756, 1302], [756, 1338], [564, 1338]], '[2103,222]],', 0.9336777896174147)
([[777, 1302], [960, 1302], [960, 1338], [777, 1338]], "?扫二维码预览'", 0.6984611817917016)
([[979, 1306], [1277, 1306], [1277, 1337], [979, 1337]], '0.07095815761993271)', 0.7049582367762878)
([[1886, 1317], [3238, 1317], [3238, 1368], [1886, 1368]], 'Jeeumarchitecto odit;veniam temporibus ipsam esse natus sed nam cum', 0.5921798246331624)
([[273, 1354], [614, 1354], [614, 1385], [273, 1385]], '2022-01-18  23:25:29.899', 0.7492578926439635)
([[649, 1354], [728, 1354], [728, 1385], [649, 1385]], 'DEBUG', 0.7174984520085702)
([[810, 1353], [1161, 1353], [1161, 1389], [810, 1389]], '-_main__: send_message: 34', 0.42264600021920945)
([[1193, 1350], [1408, 1350], [1408, 1389], [1193, 1389]], 'sending string', 0.7333705600797896)
([[1440, 1350], [1575, 1350], [1575, 1389], [1440, 1389]], '"([[1861,', 0.9927115991042385)
([[1585, 1354], [1661, 1354], [1661, 1385], [1585, 1385]], '187],', 0.7596400254436907)
([[1671, 1350], [1764, 1350], [1764, 1386], [1671, 1386]], '[1886,', 0.9984518283123914)
([[289, 1402], [368, 1402], [368, 1433], [289, 1433]], '187],', 0.5527412384275964)
([[379, 1402], [467, 1402], [467, 1433], [379, 1433]], '[1886,', 0.9791805898161184)
([[478, 1402], [554, 1402], [554, 1433], [478, 1433]], '290],', 0.6184180636615375)
([[564, 1398], [756, 1398], [756, 1434], [564, 1434]], '[1861,290]],', 0.9285086424160548)
([[826, 1405], [902, 1405], [902, 1433], [826, 1433]], '0.0)"', 0.9555280963847087)
([[1889, 1372], [3232, 1372], [3232, 1429], [1889, 1429]], 'Enim non eum qui sed praesentium? sit amet consectetur adipisicing elit。', 0.607192958882711)
([[273, 1450], [614, 1450], [614, 1481], [273, 1481]], '2022-01-18  23:25:30.332', 0.7726964119767123)
([[649, 1450], [728, 1450], [728, 1481], [649, 1481]], 'DEBUG', 0.7174984520085702)
([[834, 1449], [1161, 1449], [1161, 1485], [834, 1485]], 'main__: send_message: 34', 0.6195698743959399)
([[1193, 1446], [1408, 1446], [1408, 1485], [1193, 1485]], 'sending string', 0.7333705600797896)
([[1440, 1446], [1575, 1446], [1575, 1485], [1440, 1485]], '"([[1852,', 0.9929093243823957)
([[1584, 1445], [1765, 1445], [1765, 1485], [1584, 1485]], '331], [1886,', 0.5401050310783778)
([[1888, 1430], [3263, 1430], [3263, 1496], [1888, 1496]], 'Ipisci dolorerque;eum architecto odit;veniam temporibus ipsam esse natus', 0.45141671613886253)
([[289, 1498], [368, 1498], [368, 1529], [289, 1529]], '331],', 0.8553389301428781)
([[378, 1494], [468, 1494], [468, 1530], [378, 1530]], '[1886,', 0.9974171741130453)
([[478, 1498], [554, 1498], [554, 1529], [478, 1529]], '362],', 0.9840947138376146)
([[564, 1494], [756, 1494], [756, 1530], [564, 1530]], '[1852,362]],', 0.7283957493047784)
([[780, 1494], [816, 1494], [816, 1530], [780, 1530]], '围', 0.9822363217309347)
([[850, 1498], [1142, 1498], [1142, 1529], [850, 1529]], '0.10191990760646163)', 0.9700274961477231)
([[2253, 1491], [2685, 1491], [2685, 1533], [2253, 1533]], 'Sed nam cum officia ex。', 0.6384522069434316)
([[278, 1550], [340, 1550], [340, 1570], [278, 1570]], '2022', 0.9895880222320557)
([[350, 1550], [379, 1550], [379, 1567], [350, 1567]], '0', 0.9995546836819358)
([[407, 1550], [424, 1550], [424, 1567], [407, 1567]], '8', 0.16892853179410228)
([[437, 1550], [556, 1550], [556, 1570], [437, 1570]], '2.2.30', 0.4271731030874011)
([[566, 1550], [616, 1550], [616, 1570], [566, 1570]], '769', 0.2293786147556944)
([[653, 1550], [727, 1550], [727, 1570], [653, 1570]], 'DERI', 0.1689634621143341)
([[1574, 1550], [1630, 1550], [1630, 1570], [1574, 1570]], '742', 0.23014472700261493)
([[1676, 1550], [1720, 1550], [1720, 1570], [1676, 1570]], '66', 0.29658505205115415)
([[444, 1581], [504, 1581], [504, 1617], [444, 1617]], '管理', 0.9952683398906473)
([[562, 1582], [782, 1582], [782, 1607], [562, 1607]], 'aUto send Wechat', 0.42758927223384574)
([[1, 1630], [59, 1630], [59, 1661], [1, 1661]], '文件', 0.8696989709470807)
([[108, 1629], [165, 1629], [165, 1665], [108, 1665]], '主页', 0.08691340493307351)
([[207, 1629], [372, 1629], [372, 1665], [207, 1665]], '共享 ^查看', 0.1547182114368205)
([[421, 1630], [524, 1630], [524, 1661], [421, 1661]], '图片工具', 0.9866382479667664)
([[261, 1683], [354, 1683], [354, 1722], [261, 1722]], 'd 剪切', 0.5493210189323499)
([[933, 1683], [1074, 1683], [1074, 1722], [933, 1722]], '眉新建项目', 0.040863219910901014)
([[1234, 1690], [1298, 1690], [1298, 1721], [1234, 1721]], '打开', 0.9882211588838251)
([[1405, 1687], [1508, 1687], [1508, 1718], [1405, 1718]], '全部选择', 0.9690389633178711)
([[2337, 1665], [2607, 1665], [2607, 1710], [2337, 1710]], 'LEARN MORE', 0.8546932255916577)
([[664, 1687], [818, 1687], [818, 1751], [664, 1751]], '义『', 0.0009105832012413406)
([[266, 1739], [295, 1739], [295, 1759], [266, 1759]], 'I', 0.9309783264696172)
([[297, 1728], [402, 1728], [402, 1764], [297, 1764]], '复制路径', 0.9579366445541382)
([[930, 1728], [1077, 1728], [1077, 1770], [930, 1770]], '曰轻松访问', 0.03153651505713193)
([[1236, 1734], [1293, 1734], [1293, 1770], [1236, 1770]], '编辑', 0.9946062706354407)
([[1404, 1728], [1509, 1728], [1509, 1764], [1404, 1764]], '全部取消', 0.9684083461761475)
([[0, 1755], [90, 1755], [90, 1791], [0, 1791]], '定到快', 0.9692106018736274)
([[103, 1756], [158, 1756], [158, 1787], [103, 1787]], '复制', 0.9949460426662948)
([[183, 1755], [243, 1755], [243, 1791], [183, 1791]], '粘贴', 0.9923664951267336)
([[471, 1755], [639, 1755], [639, 1791], [471, 1791]], '移动到  复制到', 0.9666760416183728)
([[666, 1755], [729, 1755], [729, 1791], [666, 1791]], '删除', 0.9828686280136711)
([[741, 1755], [822, 1755], [822, 1791], [741, 1791]], '重命名', 0.9772764946289969)
([[856, 1756], [914, 1756], [914, 1787], [856, 1787]], '新建', 0.9953567265550185)
([[1129, 1759], [1184, 1759], [1184, 1790], [1129, 1790]], '属性', 0.9940422753115281)
([[0, 1789], [74, 1789], [74, 1820], [0, 1820]], '速访问', 0.9830285331409279)
([[294, 1773], [453, 1773], [453, 1809], [294, 1809]], '粘贴快捷方式', 0.962025392530102)
([[843, 1785], [927, 1785], [927, 1821], [843, 1821]], '文件夹', 0.8830744755128503)
([[1236, 1779], [1344, 1779], [1344, 1815], [1236, 1815]], '历史记录', 0.8742160797119141)
([[1407, 1773], [1509, 1773], [1509, 1809], [1407, 1809]], '反向选择', 0.7890994548797607)
([[177, 1830], [261, 1830], [261, 1866], [177, 1866]], '剪贴板', 0.9556247831555472)
([[622, 1831], [677, 1831], [677, 1862], [622, 1862]], '组织', 0.9970619445402286)
([[940, 1831], [995, 1831], [995, 1862], [940, 1862]], '新建', 0.9926189869097339)
([[1198, 1834], [1256, 1834], [1256, 1862], [1198, 1862]], '打开', 0.9862690212959466)
([[1408, 1831], [1466, 1831], [1466, 1862], [1408, 1862]], '选择', 0.9464250701681283)
([[253, 1891], [374, 1891], [374, 1922], [253, 1922]], 'DATA (D:)', 0.9804046834696791)
([[403, 1891], [518, 1891], [518, 1922], [403, 1922]], 'hard_link', 0.8110809531405929)
([[547, 1894], [629, 1894], [629, 1922], [547, 1922]], 'scripts', 0.5526388773923155)
([[661, 1891], [878, 1891], [878, 1922], [661, 1922]], 'auto_send_wechat', 0.7299718463836266)
([[1242, 1887], [1533, 1887], [1533, 1923], [1242, 1923]], '搜索"auto_send_Wechat"', 0.7349695228465162)
([[406, 1954], [461, 1954], [461, 1985], [406, 1985]], '名称', 0.9944218804767688)
([[744, 1953], [798, 1953], [798, 1989], [744, 1989]], '日期', 0.9157227260815727)
([[1105, 1954], [1157, 1954], [1157, 1985], [1105, 1985]], '类型', 0.9941552015188103)
([[1371, 1953], [1431, 1953], [1431, 1989], [1371, 1989]], '大小', 0.9836304888989836)
([[1555, 1957], [1607, 1957], [1607, 1985], [1555, 1985]], '标记', 0.8249454928455018)
([[54, 1983], [159, 1983], [159, 2019], [54, 2019]], '快速访问', 0.9710956811904907)
([[448, 2014], [509, 2014], [509, 2045], [448, 2045]], '.idea', 0.6398238768785826)
([[742, 2014], [980, 2014], [980, 2045], [742, 2045]], '2022/1/17 上午3:45', 0.5675266103345333)
([[1101, 2013], [1185, 2013], [1185, 2049], [1101, 2049]], '文件夹', 0.8908986074036983)
([[66, 2024], [218, 2024], [218, 2073], [66, 2073]], 'applications', 0.9812515056006618)
([[466, 2052], [573, 2052], [573, 2092], [466, 2092]], 'pycache_', 0.8686532756671232)
([[742, 2056], [980, 2056], [980, 2087], [742, 2087]], '2022/1/18上午9:38', 0.608900472306701)
([[1102, 2056], [1184, 2056], [1184, 2087], [1102, 2087]], '文件夹', 0.8209211196685207)
([[3075, 2054], [3732, 2054], [3732, 2099], [3075, 2099]], 'Thron - Creative One Page Template@ 20222018', 0.5712041983688358)
([[74, 2084], [130, 2084], [130, 2098], [74, 2098]], '0009', 0.1371153347421872)
([[87, 2109], [129, 2109], [129, 2145], [87, 2145]], 'a', 0.00228376893555772)
([[195, 2109], [441, 2109], [441, 2145], [195, 2145]], '创意即将到来产品发。', 0.8928618155521246)
([[813, 2109], [1059, 2109], [1059, 2145], [813, 2145]], '新测试群!  注意免打。', 0.5619667103681601)
([[1138, 2110], [1352, 2110], [1352, 2141], [1138, 2141]], 'Curricula Chooser', 0.9635678442401007)
([[1459, 2116], [1679, 2116], [1679, 2141], [1459, 2141]], 'auto Send Wechat', 0.4073365104818304)
([[1783, 2116], [2000, 2116], [2000, 2141], [1783, 2141]], 'auto Send Wechat', 0.671505672393871)
([[2104, 2113], [2312, 2113], [2312, 2141], [2104, 2141]], 'Curricula Chooser', 0.9889685955118378)
([[3340, 2113], [3380, 2113], [3380, 2144], [3340, 2144]], 'b', 0.0013256053749813312)
([[3393, 2112], [3474, 2112], [3474, 2148], [3393, 2148]], '( 4x', 0.09617945290313043)
([[3492, 2109], [3534, 2109], [3534, 2148], [3492, 2148]], 'c', 0.49292220099177086)
([[3546, 2109], [3582, 2109], [3582, 2148], [3546, 2148]], '中', 0.9864488529182189)
([[3600, 2094], [3723, 2094], [3723, 2130], [3600, 2130]], '下午11:25', 0.7947552974869854)
([[3598, 2128], [3725, 2128], [3725, 2159], [3598, 2159]], '2022/1/18', 0.9967183752785271)